ALGERIA                             43851043   116157   0.264890     3057   0.006971 
AUSTRALIA                           25499881    29206   0.114534      909   0.003565 
AUSTRIA                              9006400   514153   5.708752     9074   0.100751 
BELGIUM                             11589616   837006   7.222034    22707   0.195925 
BRAZIL                             212559409 11998233   5.644649   294042   0.138334 
CAMEROON                            26545864    40622   0.153026      601   0.002264 
CHINA                             1439323774   100985   0.007016     4822   0.000335 
CROATIA                              4105268   257639   6.275814     5773   0.140624 
DEMOCRATIC-REPUBLIC-OF-CONGO        89561404    27553   0.030764      726   0.000811 
DENMARK                              5792203   226197   3.905198     2401   0.041452 
ECUADOR                             17643060   312598   1.771790    16451   0.093243 
ECUADOR                             17643060   312598   1.771790    16451   0.093243 
EL-SALVADOR                          6486201    63344   0.976596     1979   0.030511 
ERITREA                              3546427     3118   0.087919        7   0.000197 
ESTONIA                              1326539    95401   7.191722      787   0.059327 
GERMANY                             83783945  2670001   3.186769    74756   0.089225 
HAITI                               11402533    12714   0.111502      251   0.002201 
INDIA                             1380004385 11627797   0.842591   159967   0.011592 
INDONESIA                          273523621  1460184   0.533842    39550   0.014459 
ISRAEL                               8655541   827772   9.563492     6092   0.070383 
JORDAN                              10203140   535455   5.247943     5876   0.057590 
KAZAKHSTAN                          18776707   283027   1.507330     3202   0.017053 
MADAGASCAR                          27691019    22484   0.081196      351   0.001268 
MALAYSIA                            32365998   333040   1.028981     1233   0.003810 
MARSHALL-ISLANDS                       59194        4   0.006757        0   0.000000 
MEXICO                             128932753  2195772   1.703037   198036   0.153596 
NETHERLANDS                         17134873  1218610   7.111871    16411   0.095775 
NICARAGUA                            6624554     6582   0.099358      176   0.002657 
PERU                                32971846  1466326   4.447206    50198   0.152245 
ROMANIA                             19237682   897115   4.663322    22208   0.115440 
SAO-TOME-AND-PRINCIPE                 219161     2145   0.978733       34   0.015514 
SURINAME                              586634     9066   1.545427      176   0.030002 
SWEDEN                              10099270   744272   7.369562    13262   0.131316 
SYRIA                               17500657    17411   0.099488     1163   0.006645 
TIMOR                                1318442      326   0.024726        0   0.000000 
TUNISIA                             11818618   245706   2.078974     8546   0.072310 
UKRAINE                             43733759  1596201   3.649814    31514   0.072059 
UNITED-KINGDOM                      67886004  4310195   6.349166   126393   0.186184 
UNITED-STATES                      331002647 29818527   9.008546   542356   0.163852 
URUGUAY                              3473727    81537   2.347248      792   0.022800 
VANUATU                               307150        3   0.000977        0   0.000000 
VATICAN                                  809       27   3.337454        0   0.000000 
VENEZUELA                           28435943   151123   0.531451     1493   0.005250 
VIETNAM                             97338583     2572   0.002642       35   0.000036 
